62708149
62708150
62708151
62708152
62708153
62708154
62708155
62708156
62708157
62708158
62708159
62708160
62708161
62708162
62708163
62708164
62708165
62708166
62708167
62708168
62708169
62708170
62708171
62708172
62708173
62708174
62708175
62708176
62708177
62708178
62708179
62708180
62708181
62708182
62708183
62708184
62708185
62708186
62708187
62708188
62708189
62708190
62708191
62708192
62708193
62708194
62708195
62708196
62708197
62708198
62708199
62708200
62708201
62708202
62708203
62708204
62708205
62708206
62708207
62708208
62708209
62708210
62708211
62708212
62708213
62708214
62708215
62708216
62708217
62708218
62708219
62708220
62708221
62708222
62708223
62708224
62708225
62708226
62708227
62708228
62708229
62708230
62708231
62708232
62708233
62708234
62708235
62708236
62708237
62708238
62708239
62708240
62708241
62708242
62708243
62708244
62708245
62708246
62708247
62708248
62708249
62708250
62708251
62708252
62708253
62708254
62708255
62708256
62708257
62708258
62708259
62708260
62708261
62708262
62708263
62708264
62708265
62708266
62708267
62708268
62708269
62708270
62708271
62708272
62708273
62708274
62708275
62708276
62708277
62708278
62708279
62708280
62708281
62708282
62708283
62708284
62708285
62708286
62708287
62708288
62708289
62708290
62708291
62708292
62708293
62708294
62708295
62708296
62708297
62708298
62708299
62708300
62708301
62708302
62708303
62708304
62708305
62708306
62708307
62708308
62708309
62708310
62708311
62708312
62708313
62708314
62708315
62708316
62708317
62708318
62708319
62708320
62708321
62708322
62708323
62708324
62708325
62708326
62708327
62708328
62708329
62708330
62708331
62708332
62708333
62708334
62708335
62708336
62708337
62708338
62708339
62708340
62708341
62708342
62708343
62708344
62708345
62708346
62708347
62708348
62708349
62708350
62708351
62708352
62708353
62708354
62708355
62708356
62708357
62708358
62708359
62708360
62708361
62708362
62708363
62708364
62708365
62708366
62708367
62708368
62708369
62708370
62708371
62708372
62708373
62708374
62708375
62708376
62708377
62708378
62708379
62708380
62708381
62708382
62708383
62708384
62708385
62708386
62708387
62708388
62708389
62708390
62708391
62708392
62708393
62708394
62708395
62708396
62708397
62708398
62708399
62708400
62708401
62708402
62708403
62708404
62708405
62708406
62708407
62708408
62708409
62708410
62708411
62708412
62708413
62708414
62708415
62708416
62708417
62708418
62708419
62708420
62708421
62708422
62708423
62708424
62708425
62708426
62708427
62708428
62708429
62708430
62708431
62708432
62708433
62708434
62708435
62708436
62708437
62708438
62708439
62708440
62708441
62708442
62708443
62708444
62708445
62708446
62708447
62708448
62708449
62708450
62708451
62708452
62708453
62708454
62708455
62708456
62708457
62708458
62708459
62708460
62708461
62708462
62708463
62708464
62708465
62708466
62708467
62708468
62708469
62708470
62708471
62708472
62708473
62708474
62708475
62708476
62708477
62708478
62708479
62708480
62708481
62708482
62708483
62708484
62708485
62708486
62708487
62708488
62708489
62708490
62708491
62708492
62708493
62708494
62708495
62708496
62708497
62708498
62708499
62708500
62708501
62708502
62708503
62708504
62708505
62708506
62708507
62708508
62708509
62708510
62708511
62708512
62708513
62708514
62708515
62708516
62708517
62708518
62708519
62708520
62708521
62708522
62708523
62708524
62708525
62708526
62708527
62708528
62708529
62708530
62708531
62708532
62708533
62708534
62708535
62708536
62708537
62708538
62708539
62708540
62708541
62708542
62708543
62708544
62708545
62708546
62708547
62708548
62708549
62708550
62708551
62708552
62708553
62708554
62708555
62708556
62708557
62708558
62708559
62708560
62708561
62708562
62708563
62708564
62708565
62708566
62708567
62708568
62708569
62708570
62708571
62708572
62708573
62708574
62708575
62708576
62708577
62708578
62708579
62708580
62708581
62708582
62708583
62708584
62708585
62708586
62708587
62708588
62708589
62708590
62708591
62708592
62708593
62708594
62708595
62708596
62708597
62708598
62708599
62708600
62708601
62708602
62708603
62708604
62708605
62708606
62708607
62708608
62708609
62708610
62708611
62708612
62708613
62708614
62708615
62708616
62708617
62708618
62708619
62708620
62708621
62708622
62708623
62708624
62708625
62708626
62708627
62708628
62708629
62708630
62708631
62708632
62708633
62708634
62708635
62708636
62708637
62708638
62708639
62708640
62708641
62708642
62708643
62708644
62708645
62708646
62708647
62708648
62708649
62708650
62708651
62708652
62708653
62708654
62708655
62708656
62708657
62708658
62708659
62708660
62708661
62708662
62708663
62708664
62708665
62708666
62708667
62708668
62708669
62708670
62708671
62708672
62708673
62708674
62708675
62708676
62708677
62708678
62708679
62708680
62708681
62708682
62708683
62708684
62708685
62708686
62708687
62708688
62708689
62708690
62708691
62708692
62708693
62708694
62708695
62708696
62708697
62708698
62708699
62708700
62708701
62708702
62708703
62708704
62708705
62708706
62708707
62708708
62708709
62708710
62708711
62708712
62708713
62708714
62708715
62708716
62708717
62708718
62708719
62708720
62708721
62708722
62708723
62708724
62708725
62708726
62708727
62708728
62708729
62708730
62708731
62708732
62708733
62708734
62708735
62708736
62708737
62708738
62708739
62708740
62708741
62708742
62708743
62708744
62708745
62708746
62708747
62708748
62708749
62708750
62708751
62708752
62708753
62708754
62708755
62708756
62708757
62708758
62708759
62708760
62708761
62708762
62708763
62708764
62708765
62708766
62708767
62708768
62708769
62708770
62708771
62708772
62708773
62708774
62708775
62708776
62708777
62708778
62708779
62708780
62708781
62708782
62708783
62708784
62708785
62708786
62708787
62708788
62708789
62708790
62708791
62708792
62708793
62708794
62708795
62708796
62708797
62708798
62708799
62708800
62708801
62708802
62708803
62708804
62708805
62708806
62708807
62708808
62708809
62708810
62708811
62708812
62708813
62708814
62708815
62708816
62708817
62708818
62708819
62708820
62708821
62708822
62708823
62708824
62708825
62708826
62708827
62708828
62708829
62708830
62708831
62708832
62708960
62708961
62708962
62708963
62708964
62708965
62708966
62708967
62708968
62708969
62708970
62708971
62708972
62708973
62708974
62708975
62708976
62708977
62708978
62708979
62708980
62708981
62708982
62708983
62708984
62708985
62708986
62708987
62708988
62708989
62708990
62708991
62708992
62708993
62708994
62708995
62708996
62708997
62708998
62708999
62709000
62709001
62709002
62709003
62709004
62709005
62709006
62709007
62709008
62709009
62709010
62709011
62709012
62709013
62709014
62709015
62709016
62709017
62709018
62709019
62709020
62709021
62709022
62709023
62709024
62709025
62709026
62709027
62709028
62709029
62709030
62709031
62709032
62709033
62709034
62709035
62709036
62709037
62709038
62709039
62709040
62709041
62709042
62709043
62709044
62709045
62709046
62709047
62709048
62709049
62709050
62709051
62709052
62709053
62709054
62709055
62709056
62709057
62709058
62709059
62709060
62709061
62709062
62709063
62709064
62709065
62709066
62709067
62709068
62709069
62709070
62709071
62709072
62709073
62709074
62709075
62709076
62709077
62709078
62709079
62709080
62709081
62709082
62709083
62709084
62709085
62709086
62709087
62709088
62709089
62709090
62709091
62709092
62709093
62709094
62709095
62709096
62709097
62709098
62709099
62709100
62709101
62709102
62709103
62709104
62709105
62709106
62709107
62709108
62709109
62709110
62709111
62709112
62709113
62709114
62709115
62709116
62709117
62709118
62709119
62709120
62709121
62709122
62709123
62709124
62709125
62709126
62709127
62709128
62709129
62709130
62709131
62709132
62709133
62709134
62709135
62709136
62709137
62709138
62709139
62709140
62709141
62709142
62709143
62709144
62709145
62709146
62709147
62709148
62709149
62709150
62709151
62709152
62709153
62709154
62709155
62709156
62709157
62709158
62709159
62709160
62709161
62709162
62709163
62709164
62709165
62709166
62709167
62709168
62709169
62709170
62709171
62709172
62709173
62709174
62709175
62709176
62709177
62709178
62709179
62709180
62709181
62709182
62709183
62709184
62709185
62709186
62709187
62709188
62709189
62709190
62709191
62709192
62709193
62709194
62709195
62709196
62709197
62709198
62709199
62709200
62709201
62709202
62709203
62709204
62709205
62709206
62709207
62709208
62709209
62709210
62709211
62709212
62709213
62709214
62709215
62709216
62709217
62709218
62709219
62709220
62709221
62709222
62709223
62709224
62709225
62709226
62709227
62709228
62709229
62709230
62709231
62709232
62709233
62709234
62709235
62709236
62709237
62709238
62709239
62709240
62709241
62709242
62709243
62709244
62709245
62709246
62709247
62709248
62709249
62709250
62709251
62709252
62709253
62709254
62709255
62709256
62709257
62709258
62709259
62709260
62709261
62709262
62709263
62709264
62709265
62709266
62709267
62709268
62709269
62709270
62709271
62709272
62709273
62709274
62709275
62709276
62709277
62709278
62709279
62709280
62709281
62709282
62709283
62709284
62709285
62709286
62709287
62709288
62709289
62709290
62709291
62709292
62709293
62709294
62709295
62709296
62709297
62709298
62709299
62709300
62709301
62709302
62709303
62709304
62709305
62709306
62709307
62709308
62709309
62709310
62709311
62709312
62709313
62709314
62709315
62709316
62709317
62709318
62709319
62709320
62709321
62709322
62709323
62709324
62709325
62709326
62709327
62709328
62709329
62709330
62709331
62709332
62709333
62709334
62709335
62709336
62709337
62709338
62709339
62709340
62709341
62709342
62709343
62709344
62709345
62709346
62709347
62709348
62709349
62709350
62709351
62709352
62709353
62709354
62709355
62709356
62709357
62709358
62709359
62709360
62709361
62709362
62709363
62709364
62709365
62709366
62709367
62709368
62709369
62709370
62709371
62709372
62709373
62709374
62709375
62709376
62709377
62709378
62709379
62709380
62709381
62709382
62709383
62709384
62709385
62709386
62709387
62709388
62709389
62709390
62709391
62709392
62709393
62709394
62709395
62709396
62709397
62709398
62709399
62709400
62709401
62709402
62709403
62709404
62709405
62709406
62709407
62709408
62709409
62709410
62709411
62709412
62709413
62709414
62709415
62709416
62709417
62709418
62709419
62709420
62709421
62709422
62709423
62709424
62709425
62709426
62709427
62709428
62709429
62709431
62709432
62709433
62709434
62709435
62709436
62709437
62709438
62709439
62709440
62709441
62709442
62709443
62709444
62709445
62709446
62709447
62709448
62709449
62709450
62709451
62709452
62709453
62709454
62709455
62709456
62709457
62709458
62709459
62709460
62709461
62709462
62709463
62709464
62709465
62709466
62709467
62709468
62709469
62709470
62709471
62709472
62709473
62709474
62709475
62709476
62709477
62709478
62709479
62709480
62709481
62709482
62709483
62709484
62709485
62709486
62709487
62709488
62709489
62709490
62709491
62709492
62709493
62709494
62709495
62709496
62709497
62709498
62709499
62709500
62709501
62709502
62709503
62709504
62709505
62709506
62709507
62709508
62709509
62709510
62709511
62709512
62709513
62709514
62709515
62709516
62709517
62709518
62709519
62709520
62709521
62709522
62709523
62709524
62709525
62709526
62709527
62709528
62709529
62709530
62709531
62709532
62709533
62709534
62709535
62709536
62709537
62709538
62709539
62709540
62709541
62709542
62709543
62709544
62709545
62709546
62709547
62709548
62709549
62709550
62709551
62709552
62709553
62709554
62709555
62709556
62709557
62709558
62709559
62709560
62709561
62709562
62709563
62709564
62709565
62709566
62709567
62709568
62709569
62709570
62709571
62709572
62709573
62709574
62709575
62709576
62709577
62709578
62709579
62709580
62709581
62709582
62709583
62709584
62709585
62709586
62709587
62709588
62709589
62709590
62709591
62709592
62709593
62709594
62709595
62709596
62709597
62709598
62709599
62709600
62709601
62709602
62709603
62709604
62709605
62709606
62709607
62709608
62709609
62709610
62709611
62709612
62709613
62709614
62709615
62709616
62709617
62709618
62709619
62709620
62709621
62709622
62709623
62709624
62709625
62709626
62709627
62709628
62709629
62709630
62709631
62709632
62709633
62709634
62709635
62709636
62709637
62709638
62709639
62709640
62709641
62709642
62709643
62709644
62709645
62709646
62709647
62709648
62709649
62709650
62709651
62709652
62709653
62709654
62709655
62709656
62709657
62709658
62709659
62709660
62709661
62709662
62709663
62709664
62709665
62709666
62709667
62709668
62709669
62709670
62709671
62709672
62709673
62709674
62709675
62709676
62709677
62709678
62709679
62709680
62709681
62709682
62709683
62709684
62709685
62709686
62709687
62709688
62709689
62709690
62709691
62709692
62709693
62709694
62709695
62709696
62709697
62709698
62709699
62709700
62709701
62709702
62709703
62709704
62709705
62709706
62709707
62709708
62709709
62709710
62709711
62709712
62709713
62709714
62709715
62709716
62709717
62709718
62709719
62709720
62709721
62709722
62709723
62709724
62709725
62709726
62709727
62709728
62709729
62709730
62709731
62709732
62709733
62709734
62709735
62709736
62709737
62709738
62709739
62709740
62709741
62709742
62709743
62709744
62709745
62709746
62709747
62709748
62709749
62709750
62709751
62709752
62709753
62709754
62709755
62709756
62709757
62709758
62709759
62709760
62709761
62709762
62709763
62709764
62709765
62709766
62709767
62709768
62709769
62709770
62709771
62709772
62709773
62709774
62709775
62709776
62709777
62709778
62709779
62709780
62709781
62709782
62709783
62709784
62709785
62709786
62709787
62709788
62709789
62709790
62709791
62709792
62709793
62709794
62709795
62709796
62709797
62709798
62709799
62709800
62709801
62709802
62709803
62709804
62709805
62709806
62709807
62709808
62709809
62709810
62709811
62709812
62709813
62709814
62709815
62709816
62709817
62709818
62709819
62709820
62709821
62709822
62709823
62709824
62709825
62709826
62709827
62709828
62709829
62709830
62709831
62709832
62709833
62709834
62709835
62709836
62709837
62709838
62709839
62709840
62709841
62709842
62709843
62709844
62709845
62709846
62709847
62709848
62709849
62709850
62709851
62709852
62709853
62709854
62709855
62709856
62709857
62709858
62709859
62709860
62709861
62709862
62709863
62709864
62709865
62709866
62709867
62709868
62709869
62709870
62709871
62709872
62709873
62709874
62709875
62709876
62709877
62709878
62709879
62709880
62709881
62709882
62709883
62709884
62709885
62709886
62709887
62709888
62709889
62709890
62709891
62709892
62709893
62709894
62709895
62709896
62709897
62709898
62709899
62709900
62709901
62709902
62709903
62709904
62709905
62709906
62709907
62709908
62709909
62709910
62709911
62709912
62709913
62709914
62709915
62709916
62709917
62709918
62709919
62709920
62709921
62709922
62709923
62709924
62709925
62709926
62709927
62709928
62709929
62709930
62709931
62709932
62709933
62709934
62709935
62709936
62709937
62709938
62709939
62709940
62709941
62709942
62709943
62709944
62709945
62709946
62709947
62709948
62709949
62709950
62709951
62709952
62709953
62709954
62709955
62709956
62709957
62709958
62709959
62709960
62709961
62709962
62709963
62709964
62709965
62709966
62709967
62709968
62709969
62709970
62709971
62709972
62709973
62709974
62709975
62709976
62709977
62709978
62709979
62709980
62709981
62709982
62709983
62709984
62709985
62709986
62709987
62709988
62709989
62709990
62709991
62709992
62709993
62709994
62709995
62709996
62709997
62709998
62709999
62710000
62710001
62710002
62710003
62710004
62710005
62710006
62710007
62710008
62710009
62710010
62710011
62710012
62710013
62710014
62710015
62710016
62710017
62710018
62710019
62710020
62710021
62710022
62710023
62710024
62710025
62710026
62710027
62710028
62710029
62710030
62710031
62710032
62710033
62710034
62710035
62710036
62710037
62710038
62710039
62710040
62710041
62710042
62710043
62710044
62710045
62710046
62710047
62710048
62710049
62710050
62710051
62710052
62710053
62710054
62710055
62710056
62710057
62710058
62710059
62710060
62710061
62710062
62710063
62710064
62710065
62710066
62710067
62710068
62710069
62710070
62710071
62710072
62710073
62710074
62710075
62710076
62710077
62710078
62710079
62710080
62710081
62710082
62710083
62710084
62710085
62710086
62710087
62710088
62710089
62710090
62710091
62710092
62710093
62710094
62710095
62710096
62710097
62710098
62710099
62710100
62710101
62710102
62710103
62710104
62710105
62710106
62710107
62710108
62710109
62710110
62710111
62710112
62710113
62710114
62710115
62710116
62710117
62710118
62710119
62710120
62710121
62710122
62710123
62710124
62710125
62710126
62710127
62710128
62710129
62710130
62710131
62710132
62710133
62710134
62710135
62710136
62710137
62710138
62710139
62710140
62710141
62710142
62710143
62710144
62710145
62710146
62710147
62710148
62710149
62710150
62710151
62710152
62710153
62710154
62710155
62710156
62710157
62710158
62710159
62710160
62710161
62710162
62710163
62710164
62710165
62710166
62710167
62710168
62710169
62710170
62710171
62710172
62710173
62710174
62710175
62710176
62710177
62710178
62710179
62710180
62710181
62710182
62710183
62710184
62710185
62710186
62710187
62710188
62710189
62710190
62710191
62710192
62710193
62710194
62710195
62710196
62710197
62710198
62710199
62710200
62710201
62710202
62710203
62710204
62710205
62710206
62710207
62710208
62710209
62710210
62710211
62710212
62710213
62710214
62710215
62710216
62710217
62710218
62710219
62710220
62710221
62710222
62710223
62710224
62710225
62710226
62710227
62710228
62710229
62710230
62710231
62710232
62710233
62710234
62710235
62710236
62710237
62710238
62710239
62710240
62710241
62710242
62710243
62710244
62710245
62710246
62710247
62710248
62710249
62710250
62710251
62710252
62710253
62710254
62710255
62710256
62710257
62710258
62710259
62710260
62710261
62710262
62710263
62710264
62710265
62710266
62710267
62710268
62710269
62710270
62710271
62710272
62710273
62710274
62710275
62710276
62710277
62710278
62710279
62710280
62710281
62710282
62710283
62710284
62710285
62710286
62710287
62710288
62710289
62710290
62710291
62710292
62710293
62710294
62710295
62710296
62710297
62710298
62710299
62710300
62710301
62710302
62710303
62710304
62710305
62710306
62710307
62710308
62710309
62710310
62710311
62710312
62710313
62710314
62710315
62710316
62710317
62710318
62710319
62710320
62710321
62710322
62710323
62710324
62710325
62710326
62710327
62710328
62710329
62710330
62710331
62710332
62710333
62710334
62710335
62710336
62710337
62710338
62710339
62710340
62710341
62710342
62710343
62710344
62710345
62710346
62710347
62710348
62710349
62710350
62710351
62710352
62710353
62710354
62710355
62710356
62710357
62710358
62710359
62710360
62710361
62710362
62710363
62710364
62710365
62710366
62710367
62710368
62710369
62710370
62710371
62710372
62710373
62710374
62710375
62710376
62710377
62710378
62710379
62710380
62710381
62710382
62710383
62710384
62710385
62710386
62710387
62710388
62710389
62710390
62710391
62710392
62710393
62710394
62710395
62710396
62710397
62710398
62710399
62710400
62710401
62710402
62710403
62710404
62710405
62710406
62710407
62710408
62710409
62710410
62710411
62710412
62710413
62710414
62710415
62710416
62710417
62710418
62710419
62710420
62710421
62710422
62710423
62710424
62710425
62710426
62710427
62710428
62710429
62710430
62710431
62710432
62710433
62710434
62710435
62710436
62710437
62710438
62710439
62710440
62710441
62710442
62710443
62710444
62710445
62710446
62710447
62710448
62710449
62710450
62710451
62710452
62710453
62710454
62710455
62710456
62710457
62710458
62710459
62710460
62710461
62710462
62710463
62710464
62710465
62710466
62710467
62710468
62710469
62710470
62710471
62710472
62710473
62710474
62710475
62710476
62710477
62710478
62710479
62710480
62710481
62710482
62710483
62710484
62710485
62710486
62710487
62710488
62710489
62710490
62710491
62710492
62710493
62710494
62710495
62710496
62710497
62710498
62710499
62710500
62710501
62710502
62710503
62710504
62710505
62710506
62710507
62710508
62710509
62710510
62710511
62710512
62710513
62710514
62710515
62710516
62710517
62710518
62710519
62710520
62710521
62710522
62710523
62710524
62710525
62710526
62710527
62710528
62710529
62710530
62710531
62710532
62710533
62710534
62710535
62710536
62710537
62710538
62710539
62710540
62710541
62710542
62710543
62710544
62710545
62710546
62710547
62710548
62710549
62710550
62710551
62710552
62710553
62710554
62710555
62710556
62710557
62710558
62710559
62710560
62710561
62710562
62710563
62710564
62710565
62710566
62710567
62710568
62710569
62710570
62710571
62710572
62710573
62710574
62710575
62710576
62710577
62710578
62710579
62710580
62710581
62710582
62710583
62710584
62710585
62710586
62710587
62710588
62710589
62710590
62710591
62710592
62710593
62710594
62710595
62710596
62710597
62710598
62710599
62710600
62710601
62710602
62710603
62710604
62710605
62710606
62710607
62710608
62710609
62710610
62710611
62710612
62710613
62710614
62710615
62710616
62710617
62710618
62710619
62710620
62710621
62710622
62710623
62710624
62710625
62710626
62710627
62710628
62710629
62710630
62710631
62710632
62710633
62710634
62710635
62710636
62710637
62710638
62710639
62710640
62710641
62710642
62710643
62710644
62710645
62710646
62710647
62710648
62710649
62710650
62710651
62710652
62710653
62710654
62710655
62710656
62710657
62710658
62710659
62710660
62710661
62710662
62710663
62710664
62710665
62710666
62710667
62710668
62710669
62710670
62710671
62710672
62710673
62710674
62710675
62710676
62710677
62710678
62710679
62710680
62710681
62710682
62710683
62710684
62710685
62710686
62710687
62710688
62710689
62710690
62710691
62710692
62710693
62710694
62710695
62710696
62710697
62710698
62710699
62710700
62710701
62710702
62710703
62710704
62710705
62710706
62710707
62710708
62710709
62710710
62710711
62710712
62710713
62710714
62710715
62710716
62710717
62710718
62710719
62710720
62710721
62710722
62710723
62710724
62710725
62710726
62710727
62710728
62710729
62710730
62710731
62710732
62710733
62710734
62710735
62710736
62710737
62710738
62710739
62710740
62710741
62710742
62710743
62710744
62710745
62710746
62710747
62710748
62710749
62710750
62710751
62710752
62710753
62710754
62710755
62710756
62710757
62710758
62710759
62710760
62710761
62710762
62710763
62710764
62710765
62710766
62710767
62710768
62710769
62710770
62710771
62710772
62710773
62710774
62710775
62710776
62710777
62710778
62710779
62710780
62710781
62710782
62710783
62710784
62710785
62710786
62710787
62710788
62710789
62710790
62710791
62710792
62710793
62710794
62710795
62710796
62710797
62710798
62710799
62710800
62710801
62710802
62710803
62710804
62710805
62710806
62710807
62710808
62710809
62710810
62710811
62710812
62710813
62710814
62710815
62710816
62710817
62710818
62710819
62710820
62710821
62710822
62710823
62710824
62710825
62710826
62710827
62710828
62710829
62710830
62710831
62710832
62710833
62710834
62710835
62710836
62710837
62710838
62710839
62710840
62710841
62710842
62710843
62710844
62710845
62710846
62710847
62710848
62710849
62710850
62710851
62710852
62710853
62710854
62710855
62710856
62710857
62710858
62710859
62710860
62710861
62710862
62710863
62710864
62710865
62710866
62710867
62710868
62710869
62710870
62710871
62710872
62710873
62710874
62710875
62710876
62710877
62710878
62710879
62710880
62710881
62710882
62710883
62710884
62710885
62710886
62710887
62710888
62710889
62710890
62710891
62710892
62710893
62710894
62710895
62710896
62710897
62710898
62710899
62710900
62710901
62710902
62710903
62710904
62710905
62710906
62710907
62710908
62710909
62710910
62710911
62710912
62710913
62710914
62710915
62710916
62710917
62710918
62710919
62710920
62710921
62710922
62710923
62710924
62710925
62710926
62710927
62710928
62710929
62710930
62710931
62710932
62710933
62710934
62710935
62710936
62710937
62710938
62710939
62710940
62710941
62710942
62710943
62710944
62710945
62710946
62710947
62710948
62710949
62710950
62710951
62710952
62710953
62710954
62710955
62710956
62710957
62710958
62710959
62710960
62710961
62710962
62710963
62710964
62710965
62710966
62710967
62710968
62710969
62710970
62710971
62710972
62710973
62710974
62710975
62710976
62710977
62710978
62710979
62710980
62710981
62710982
62710983
62710984
62710985
62710986
62710987
62710988
62710989
62710990
62710991
62710992
62710993
62710994
62710995
62710996
62710997
62710998
62710999
62711000
62711001
62711002
62711003
62711004
62711005
62711006
62711007
62711008
62711009
62711010
62711011
62711012
62711013
62711014
62711015
62711016
62711017
62711018
62711019
62711020
62711021
62711022
62711023
62711024
62711025
62711026
62711027
62711028
62711029
62711030
62711031
62711032
62711033
62711034
62711035
62711036
62711037
62711038
62711039
62711040
62711041
62711042
62711043
62711044
62711045
62711046
62711047
62711048
62711049
62711050
62711051
62711052
62711053
62711054
62711055
62711056
62711057
62711058
62711059
62711060
62711061
62711062
62711063
62711064
62711065
62711066
62711067
62711068
62711069
62711070
62711071
62711072
62711073
62711074
62711075
62711076
62711077
62711078
62711079
62711080
62711081
62711082
62711083
62711084
62711085
62711086
62711087
62711088
62711089
62711090
62711091
62711092
62711093
62711094
62711095
62711096
62711097
62711098
62711099
62711100
62711101
62711102
62711103
62711104
62711105
62711106
62711107
62711108
62711109
62711110
62711111
62711112
62711113
62711114
62711115
62711116
62711117
62711118
62711119
62711120
62711121
62711122
62711123
